list(alpha0=0.00000E+00, h=c(2.68976E+00, 7.88716E-01, 4.66990E-01, 8.17169E-01, 3.86562E-02, 1.12328E+00, -3.93244E-01, 2.36189E+00, -1.05973E+00, 1.22204E-01, 4.85391E-02, 1.13217E+00, -5.35593E-01, 6.86861E-01, -6.67611E-01, 4.34827E-01, -7.32723E-02, -4.70630E-01, -7.50681E-01, 7.29918E-01, 4.98879E-02, -5.24720E-01, -9.20061E-01, -7.11557E-01, -1.46882E+00, -3.89533E-01, 3.69648E-01, -5.23853E-01, 7.76163E-02, 1.30584E+00, -2.15748E+00, -1.97942E+00, 1.41507E+00, -1.35690E+00, -8.62541E-01, -4.93250E-01, 3.31822E-02, -1.22279E-01, 3.49084E-01, -1.91548E+00, 8.72109E-01, -2.47972E-01, 1.26902E+00, -1.21377E+00, -1.15011E-01, 1.49843E+00, 3.17822E-01, 6.43156E-01, -6.19019E-01, 3.78345E-01, 6.70098E-01, 6.82985E-02, 9.72976E-01, -2.13823E+00, 6.08633E-01, -1.20414E+00, 1.48435E+00, -5.57295E-01, 1.30997E-01, 2.67673E-01, -3.41437E-01, 7.90431E-02, 3.41890E-01, -6.77705E-01, -6.43334E-01, 3.03891E+00, -1.97258E-01, 4.30914E-01, 1.01490E+00, -3.39482E-01, 1.13177E+00, -7.00727E-01, 2.99336E-01, -2.55055E-01, 4.90556E-01, 2.24828E-01, -1.00328E+00, 3.56386E-01, -5.62488E-01, -2.03900E-01, -1.22146E-01, -2.53951E+00, -2.30216E+00, -8.54550E-01, -6.24525E-01, -1.55483E-01, 1.06127E+00, 5.53767E-03, 4.24341E-01, 5.75255E-01, -9.72089E-01, 1.12113E-02, -7.65167E-01, -4.76689E-01, 9.24216E-01, -8.48030E-01, 1.41576E+00, -1.63435E-01, -3.15044E-01, -1.00661E+00, 6.42624E-01, -1.25475E+00, 3.51416E-01, -2.24928E+00, -4.76697E-01, -1.87831E+00, -1.89490E-01, -5.14554E-01, -5.79714E-01, -5.79648E-01, 2.96437E-01, -1.15601E+00, 3.11283E-01, 8.37220E-01, 1.79817E+00, 5.87633E-02, -2.52673E-01, 7.18691E-01, -1.85232E-01, -9.30049E-02, -1.06429E+00, 9.22502E-01, 1.28131E+00, 2.32354E-01, -1.27982E+00, -7.99392E-01, -1.25549E+00, -1.00737E+00, 6.25630E-01, 3.35638E-01, 5.83418E-02, 1.31566E+00, 4.83769E-02, -2.06899E+00, 1.46226E+00, 9.23419E-01, 1.24193E+00, 6.73416E-01, 6.72787E-01, 1.19284E+00, 3.15043E-01, 5.74613E-01, -1.27813E+00, 1.45594E+00), tau.h=2.76254E+00, s=c(6.95697E-01, 1.87012E+00, 1.46442E+00, -1.87526E+00, 1.02729E+00, -1.12591E+00, 2.98362E-01, -2.24287E+00, -4.23240E-01, 1.35279E+00, -3.82187E-01, 9.73775E-01, 5.42995E-01, -9.99590E-01, -1.16828E+00, 1.88795E+00, -4.78505E-01, 9.42896E-01, -1.33168E+00, -1.30518E+00, 4.79482E-01, 7.62433E-01, -3.13885E-01, 4.21545E-01, -2.55771E-01, 1.94453E-01, -9.33333E-01, -1.44140E+00, -8.57452E-01, 4.09519E-02, -1.30878E+00, -1.53706E+00, 3.59048E-01, -1.14616E-01, 7.15360E-01, 7.17182E-01, -1.41183E-02, 2.54374E-01, -1.86564E-01, 1.14669E+00, -7.43134E-01, 7.24569E-01, 3.48055E-03, 2.38433E+00, 7.78423E-01, -1.19518E+00, -8.51299E-01, 2.58485E-01, -2.93440E-01, 1.31495E+00, -2.07477E+00, -7.73155E-01, 1.49913E+00, 1.55374E+00, 3.21845E-01, 1.34939E-01, 4.32386E-01, 9.76507E-01, -1.60672E-01, 6.42977E-01, -1.37424E-01, 5.59122E-01, 1.29291E-01, -2.99422E-01, 5.42742E-03, -4.20627E-01, -5.92608E-01, -1.17210E+00, -1.53860E+00, -5.33811E-01, -1.83326E+00, 1.56777E+00, 1.01458E+00, 2.81050E-01, 6.39075E-01, 2.30743E-01, -4.21656E-01, -2.08498E+00, -4.99714E-01, -4.23600E-01, -1.66752E+00, -3.06982E-01, -7.33928E-01, -1.25178E-01, 4.13742E-01, -5.15201E-01, -2.49986E-01, 3.86112E-01, -1.62820E+00, 1.22240E+00, -2.07309E-01, 1.10022E+00, 5.57635E-02, 5.15822E-01, 1.17141E-01, 5.97840E-02, 6.27142E-01, 2.42974E-02, -9.65943E-01, 2.25119E-01, -1.11552E+00, 1.53487E+00, -1.30409E+00, 8.40046E-01, 5.82008E-01, 1.57136E+00, 3.49445E-01, 4.73095E-01, -4.85076E-01, 1.06266E+00, 1.05966E+00, 7.86471E-01, 4.35164E-01, 1.64950E-01, 2.02666E+00, -1.27939E+00, 5.84368E-01, -3.74471E-01, 2.53183E-02, 9.35739E-01, -5.34909E-01, 4.87072E-01, 3.69772E-01, -9.37157E-01, -1.55852E-01, 1.43415E+00, 6.95074E-01, 1.49387E+00, 1.68326E+00, -3.34366E-01, 1.14777E+00, -7.52929E-01, 1.33785E+00, 8.49165E-01, 4.98572E-01, -7.41394E-01, -3.00120E-01, -5.64273E-01, -3.08668E-02, 9.87987E-01, -1.25883E-01, -6.73361E-01, -2.65694E+00, 1.23260E+00), tau.s=2.65570E+00)
