list(alpha0=-5.00000E-01, h=c(-6.81985E-01, -1.43232E+00, -1.75084E+00, -9.26747E-01, 7.65517E-01, -9.92713E-02, 1.55108E-01, 1.10075E+00, 1.24732E+00, -1.20415E+00, -2.85292E-02, -5.73996E-01, 3.23187E+00, -1.40947E+00, -5.68286E-02, -1.52973E+00, 1.67015E+00, -1.64945E+00, -6.62836E-01, -2.00473E+00, 4.07232E-01, 1.73439E+00, -5.72281E-01, 3.08345E-02, -6.07284E-01, -8.14031E-01, 1.01121E+00, 1.04652E+00, -5.36544E-01, 4.13426E-02, 1.28055E+00, 8.28376E-01, 3.68187E-01, -5.20705E-01, -2.48551E-01, -9.51768E-01, 3.94481E-01, 1.91955E-01, 7.22556E-01, -1.11780E+00, 1.34752E+00, 1.69921E+00, -7.44863E-01, -3.28301E-01, 7.96274E-01, -4.33460E-01, 2.66323E+00, -1.05043E+00, -1.85734E+00, 8.58898E-01, -9.80060E-01, -4.26394E-01, 7.56834E-01, 3.79936E-01, 1.07083E+00, -1.44258E+00, -3.34397E-01, -2.52264E-01, 5.21031E-01, -1.36205E-01, 4.67744E-01, -2.22540E+00, 1.49173E+00, -1.18748E-01, 5.84519E-01, 8.95230E-02, 1.04285E+00, -8.81708E-01, 2.33935E+00, 2.32844E-01, 8.33706E-01, -5.45122E-01, 3.55418E-01, -1.70591E-01, 3.33273E-01, 3.65869E-01, -9.33137E-01, -6.18704E-01, -8.52019E-01, -4.48810E-01, -3.70318E-01, -1.69154E-01, 3.62496E-01, -9.86158E-01, 3.44222E-01, -9.36192E-01, 7.08515E-01, -1.51715E+00, -9.88941E-02, -1.25756E+00, -1.42905E+00, 1.05067E+00, 1.17682E+00, -6.59882E-01, -1.16553E+00, -1.03040E+00, -1.09778E+00, -2.56443E-01, 1.70297E-01, -9.20039E-01, -1.97908E+00, -9.78827E-01, 1.69913E+00, 9.64685E-02, -1.23525E+00, 1.44681E-01, -1.33702E+00, 5.57788E-02, -1.42827E+00, -1.71276E+00, -2.98448E-01, 9.14592E-01, -1.00028E+00, -7.01915E-01, 9.73231E-01, -1.13061E-01, 1.02849E-02, -3.20604E-02, 1.60666E+00, 2.20096E-01, 8.32948E-01, 4.53849E-01, -6.41101E-01, 4.18166E-01, -4.47897E-01, 7.21513E-01, 6.60947E-01, 5.81624E-01, 4.20872E-01, -1.87098E+00, -9.56003E-01, -1.74170E+00, 7.51597E-01, -9.47987E-01, -6.28920E-01, -7.84182E-01, 3.19946E-01, 7.24632E-01, 6.57437E-01, -7.61563E-01, -1.32402E+00, 1.49382E+00, 1.35968E+00, 5.25820E-01), tau.h=1.19351E+00, s=c(-6.09880E-01, -5.92404E-01, -1.15901E+00, 3.14168E-02, 4.74581E-01, 5.58620E-01, -1.17652E+00, -1.91306E+00, -1.20003E+00, 8.32422E-01, -5.04900E-01, -9.38009E-02, -2.97374E-01, 6.08806E-01, -1.29685E+00, -4.89828E-01, -3.59473E-01, 8.72157E-01, -6.80558E-02, 3.29393E-01, -1.40698E+00, 2.77576E-01, 2.01248E+00, 3.37707E-01, -4.03225E-01, -1.62989E-01, 6.97299E-01, 1.07011E+00, -1.10447E+00, 1.46795E+00, 8.10547E-01, -1.09045E+00, 8.94211E-02, -1.56086E+00, -8.91261E-01, 2.62682E+00, 2.42923E-01, -6.95990E-01, -1.07078E+00, -8.49821E-01, -2.73300E-01, -8.89570E-01, 1.15239E-01, 5.17549E-01, -1.94561E+00, 3.03853E+00, -2.27369E-01, -6.45642E-02, 1.82995E+00, 9.03572E-01, -3.49299E-01, -5.61600E-01, -4.23972E-01, 1.05061E-01, 1.38699E-01, 1.00685E-01, -8.16586E-01, -9.05797E-01, -7.12437E-01, 9.09176E-01, -3.37532E-02, 7.54548E-01, 3.27097E-01, -1.53097E+00, 2.97963E+00, 1.24479E+00, 2.16809E-01, -5.26379E-01, 2.17794E+00, 2.00594E-01, -8.13002E-01, 2.76813E-01, 5.97765E-01, -2.36641E-01, -1.08327E+00, -7.99852E-01, -7.06390E-02, -2.07888E-01, -1.14135E+00, 3.98377E-01, 1.59824E-01, -1.74771E+00, 1.36212E+00, -3.65316E-01, 9.22127E-01, 1.09087E+00, -1.32754E+00, 1.02870E+00, 7.77194E-01, 1.11105E+00, -4.12945E-01, -6.03556E-01, -7.21913E-03, -7.15882E-01, -1.59593E+00, -1.13115E+00, 7.34568E-01, -2.86575E-01, 1.81272E+00, 1.01405E+00, 7.06513E-01, 2.24288E+00, 1.88968E+00, 4.83403E-01, -9.80645E-02, 5.90679E-01, 1.69981E+00, -1.80541E+00, 4.64400E-02, 1.78604E-02, 1.68846E-01, 2.22211E+00, -2.61228E-01, 7.93255E-01, -3.55382E-01, 1.84080E-01, 1.06937E+00, 1.42901E+00, -1.50324E+00, -3.95244E-02, -7.98211E-01, 1.45504E+00, 1.71724E-01, -1.72263E+00, 6.65980E-01, -7.05821E-01, 2.99549E-01, -4.82098E-01, -7.13665E-01, 1.67220E+00, 1.55182E+00, -1.80373E-01, 4.94255E-01, 3.25233E-01, -4.39174E-01, 4.46984E-01, -1.01189E+00, 6.50357E-01, -1.32353E+00, -6.62516E-03, 7.94341E-01, -1.06776E+00, 5.19416E-01, -5.29018E-01), tau.s=9.73968E-01)
