list(alpha0=-5.00000E-01, h=c(-5.27173E-01, -8.48245E-01, -4.37596E-01, 5.24370E-01, -3.14001E+00, -1.81315E+00, -6.00273E-01, -5.86034E-01, 1.15262E+00, -1.23050E+00, -6.81852E-01, 6.13965E-01, 1.72917E+00, 9.46480E-01, 4.09336E-01, -2.79016E+00, -2.49863E-01, -8.51973E-01, 1.22300E-01, -1.36246E+00, 4.30697E-01, 7.16099E-01, -3.11914E-01, 5.02845E-01, 1.21067E+00, -2.35989E-01, 9.58062E-01, -1.44277E-01, 2.17717E-01, -5.91197E-01, -1.03995E+00, -1.51466E+00, -3.98601E-01, 6.43205E-01, -1.62932E+00, 1.17414E+00, -1.65601E+00, 9.88644E-01, -2.01748E+00, 1.29808E-01, -8.63731E-01, 5.34253E-01, -5.02508E-01, 9.57162E-02, -1.05750E-01, -1.31137E+00, 1.98068E+00, -1.10033E+00, -1.85870E+00, -1.88140E+00, -3.29475E-01, -1.47427E+00, 3.06828E-01, 1.06199E+00, -6.11525E-01, -1.81750E+00, 2.88613E-01, -3.49744E-02, -4.79608E-01, -1.10160E+00, -4.03274E-01, 2.21865E+00, -1.34038E+00, 2.40773E+00, 2.73244E-02, 1.01762E-01, 2.86025E-01, 4.53458E-02, -3.37252E-01, 4.48361E-01, -3.43960E-01, 6.32609E-01, 1.65412E-01, -1.00694E+00, 3.65921E-01, -4.24248E-01, -2.11968E-01, 1.98170E+00, 6.92543E-01, -3.52074E-02, 1.11817E-01, -9.42566E-01, -5.72539E-02, -1.49907E-01, 9.02345E-01, -1.03808E+00, -9.53251E-01, -4.33190E-01, 4.82968E-01, 1.57414E-01, -3.78075E-01, 3.67165E-01, 6.54361E-01, 7.19329E-01, 2.95358E-01, -6.07043E-02, 6.71994E-02, 6.03375E-01, 1.69771E+00, -7.85459E-03, 2.70320E-01, -1.18471E-01, 1.37659E+00, 1.53434E-01, 5.61785E-01, -1.72320E+00, 9.04258E-01, -5.07281E-01, -5.13208E-01, -1.84487E+00, -2.34145E-01, 6.04529E-01, -2.27975E-01, -5.75568E-01, 1.11458E+00, -5.86909E-01, -3.68036E-01, 6.03883E-01, 1.25836E-01, 1.35988E+00, -7.81826E-01, 8.59300E-01, -6.90561E-01, 2.26327E+00, 1.46586E+00, -9.88738E-01, -7.57916E-01, 8.85608E-01, -4.47439E-01, -9.00212E-01, -3.22592E-01, 1.21902E+00, -7.51900E-01, -2.33012E-01, 9.71891E-01, -1.61581E+00, -5.27636E-01, -8.85259E-01, -1.04901E+00, 9.47740E-01, 5.78261E-02, -1.02492E+00, -1.68857E+00, -2.50393E-01), tau.h=2.78801E-01, s=c(8.12155E-01, 3.33407E-01, 7.65594E-01, -9.83774E-01, -4.16975E-03, 4.39012E-01, -9.16432E-02, -5.72183E-02, -1.00631E+00, 3.06410E-02, -1.50376E-01, -1.34160E+00, 7.70017E-01, 1.92119E+00, 3.81958E-01, -3.65741E-01, -1.44713E+00, -6.07758E-02, 2.58910E+00, 1.72281E+00, -2.92657E-01, 3.95136E-01, 1.15437E+00, 1.31827E+00, 1.41259E-01, -1.90588E+00, 1.03537E+00, 2.23720E-01, -1.25302E+00, -4.57800E-01, -1.22109E+00, 7.68444E-01, 1.37540E-01, 8.66305E-01, 2.93334E-01, 8.23063E-01, -1.04471E+00, -3.07282E-01, -7.11380E-01, -5.65633E-01, -3.60793E-01, -1.68616E-01, -8.29204E-01, -1.02406E-01, 1.32813E+00, -6.26134E-01, 1.68865E-01, -1.29728E+00, 1.19328E+00, 4.53812E-01, -1.26413E+00, 2.17124E+00, 4.11569E-01, -7.02140E-01, -8.99687E-01, -1.29146E+00, 7.17246E-02, 1.23221E-01, 3.16883E-01, 1.68918E-01, -1.15379E+00, 8.98466E-01, -1.23412E+00, 1.57028E+00, 5.33300E-01, -4.12249E-01, -3.25801E-01, -1.18976E+00, -1.26480E+00, 3.20661E-03, -1.34123E+00, -3.49435E-04, 4.21691E-01, 1.04249E+00, 5.85162E-01, 2.82648E-01, 5.76193E-01, -3.57130E-01, -6.42014E-01, -1.37717E+00, -1.16514E+00, -1.24074E+00, -6.84588E-01, -8.89290E-01, -8.47705E-01, -1.93821E-01, -3.72492E-01, 5.19238E-01, -8.21218E-01, -6.58408E-01, -6.12392E-01, -3.30760E-01, 2.09859E-01, -7.09858E-01, -1.34257E+00, -1.06282E-01, -6.76713E-01, -6.97595E-01, 6.26586E-01, -2.07278E+00, -6.75204E-01, 2.48934E-01, 3.80676E-01, -1.83560E+00, -1.67967E-01, 2.69218E-01, 5.81809E-01, -2.51155E-01, -6.39975E-01, 8.63476E-01, -1.91597E+00, -2.82312E-02, -6.38445E-01, 7.09199E-01, 1.00882E+00, 1.25587E-01, 1.36242E+00, 3.76074E-01, 8.38754E-01, 2.25879E-01, 1.67451E+00, 7.00540E-01, 2.68615E+00, 5.75811E-01, -6.21530E-01, 4.22106E-01, 1.08160E+00, -3.71132E-01, -3.73802E-01, -8.31271E-01, -1.89988E+00, -2.40840E+00, -3.18760E-02, -9.01616E-01, -2.98556E-01, 1.68099E+00, 3.85897E-01, -4.39793E-01, 5.77755E-01, 1.54133E+00, 4.34427E-01, -4.86575E-01, -1.39249E-02, 5.42455E-01), tau.s=4.03727E-01)
