list(alpha0=-4.56156E-01, h=c(-7.57283E-01, 1.09433E+00, -9.90986E-01, 2.69082E-01, 1.53007E+00, -1.55931E+00, -9.17107E-01, 1.97833E-01, -1.35998E+00, -2.43993E+00, -1.56473E+00, -1.20038E+00, -1.22141E+00, -2.38599E-01, 8.71492E-01, -3.85227E-01, -1.37873E+00, -7.31573E-01, -8.29652E-02, -1.18410E+00, 6.06458E-02, -3.56664E-02, -4.42506E-01, -1.95596E-01, 7.18669E-01, -1.45988E+00, 2.34387E-01, 8.33708E-01, 1.53460E-01, 9.78415E-01, -5.61582E-01, -9.01794E-01, 1.74875E+00, 1.43747E-01, 3.19125E-03, 1.43723E+00, 6.31005E-01, 9.95401E-01, 1.79796E-01, -8.96816E-01, -6.33770E-01, -1.55092E+00, -1.22568E+00, 1.04580E+00, -1.12665E+00, -9.82756E-01, -2.53533E+00, -1.04326E+00, -8.38581E-01, -9.34140E-01, 3.98616E-01, 6.55021E-01, 2.87401E-02, -6.51467E-01, -1.85706E+00, 3.39806E-01, 4.24146E-01, 8.98172E-01, -7.29404E-01, 6.91367E-02, -3.64242E-01, 1.42055E-01, 1.56073E+00, -4.51840E-01, 7.25579E-01, 2.55059E+00, 9.75821E-01, -1.13826E+00, 1.33257E-01, 3.42329E-02, 1.04727E+00, 4.99837E-01, 9.97961E-01, 8.59761E-01, -1.27481E+00, 4.72407E-01, -1.26213E+00, -2.97663E-01, -4.14874E-03, 8.22837E-01, -3.48688E-01, 9.08692E-01, 6.17601E-01, 3.56972E+00, 1.74557E+00, -3.98833E-01, -1.57116E-01, 7.41285E-01, 2.51013E-01, 6.75900E-01, -6.82007E-01, -8.31664E-02, -7.38150E-01, 1.25334E+00, 1.52601E-01, 1.97419E+00, -5.28315E-01, 2.46795E-01, 1.72578E+00, 1.89091E-01, 8.20412E-02, -2.51597E+00, -1.62607E-01, -3.88226E-01, -5.52916E-02, -1.04827E+00, -5.38191E-02, -5.94958E-01, 3.74937E-02, -1.82976E+00, 1.77779E+00, 3.14809E-01, -1.23328E+00, 9.40341E-01, -9.71533E-01, 8.06871E-01, -4.13733E-01, 2.23953E-01, 3.53609E-01, -5.06701E-01, 3.81059E-01, -3.63798E-01, 9.56584E-02, 6.82682E-01, -1.04388E+00, 1.65355E+00, -8.64214E-02, 6.60942E-01, 9.89243E-01, -1.53529E+00, 7.57092E-01, -8.86892E-01, 1.03251E+00, 1.22080E+00, 1.84125E+00, 6.81093E-01, -6.37071E-01, -8.13901E-01, 7.88828E-01, 2.67039E+00, 8.99093E-01, 1.27339E+00, -3.26837E+00, 3.12734E+00), tau.h=3.66899E-01, s=c(-6.96090E-01, 2.04384E+00, -1.42578E+00, -5.62741E-02, 4.35021E-01, -7.60982E-01, 1.11971E+00, 6.84689E-01, -9.70327E-01, 2.55211E-01, 4.00142E-01, -1.36224E+00, 4.97836E-02, -1.02348E+00, 1.29784E+00, 2.93374E-01, 4.53306E-03, 1.84988E+00, -1.18988E+00, -1.49803E+00, 1.79610E+00, -5.66119E-01, -1.61853E-02, -2.04173E-01, -9.86036E-01, 3.09319E-01, 1.27054E+00, 2.96245E-01, -1.82981E+00, 1.10645E+00, 3.67525E-01, -3.84846E-01, 9.19289E-01, 9.87330E-01, -3.47751E+00, 3.79449E-01, 3.18335E-01, -5.20305E-01, 1.79320E-01, 2.18411E+00, 7.75883E-01, -7.18334E-01, 8.16868E-01, -1.14892E+00, -1.05132E+00, 1.37938E+00, 2.13626E+00, -2.86423E-01, -1.07979E+00, 2.09386E-01, 2.86531E-01, -6.39479E-01, -5.99969E-01, -6.33909E-01, 1.01709E-01, 9.71032E-02, 3.29914E-01, 1.92515E+00, -1.50063E-01, -1.13520E+00, 8.76413E-01, -1.64337E+00, 6.19451E-01, 1.53704E+00, 1.80955E+00, 2.41038E-01, -4.29271E-01, -1.14838E+00, -2.01299E-01, 4.93387E-01, -3.48369E-01, -4.29467E-01, 2.91554E-01, 8.67497E-01, 1.80970E+00, 3.98015E-01, 1.07698E+00, -1.59851E-01, 2.07758E+00, -1.70877E-01, 1.42782E+00, -6.23468E-01, 8.73079E-01, 1.16741E+00, -1.00624E-01, -3.85695E-01, -2.23418E+00, -2.79804E-01, -6.36904E-01, -2.67662E-02, 3.15307E-01, -1.52000E+00, -1.12009E+00, 1.12781E+00, 2.78586E-01, -1.28740E+00, 2.28963E-01, 5.89196E-01, 1.24996E+00, -8.21596E-01, -2.77776E-01, -3.07762E-02, -1.44587E-01, -4.00697E-01, -1.09394E-01, 2.49794E-01, -2.27751E+00, -3.40854E-02, 7.71247E-01, -6.93666E-01, 1.07682E+00, -2.03280E+00, -7.47949E-01, 8.10025E-01, 1.89315E+00, 1.42198E+00, 1.17305E+00, -4.68921E-01, -1.91143E-02, -9.20954E-02, 7.18469E-01, 1.11468E-01, 1.44260E+00, -4.45697E-01, -1.43617E+00, -2.00518E+00, 6.65585E-01, -1.17506E-01, 1.37621E-02, -7.21795E-01, 4.27294E-01, 7.30627E-01, 5.22902E-01, -3.95012E-01, -2.84884E-01, -8.10790E-01, 1.62439E+00, -1.03611E+00, -1.29524E+00, -1.06072E-01, -3.45458E-01, 5.66277E-01, 1.03996E+00, -8.73460E-02), tau.s=2.31225E-01)
