list(alpha0=5.57653E-01, h=c(1.61307E-01, 2.21565E+00, 1.68904E+00, 2.59666E+00, 2.67702E-01, -9.61713E-01, 6.56689E-01, 8.40332E-01, -4.38408E-02, -1.00008E-01, 7.65520E-01, 6.49221E-01, -1.32125E+00, 8.53518E-01, 1.43381E+00, -1.36488E+00, -1.70547E+00, -1.14044E-01, -1.50009E+00, 7.63952E-01, 4.74271E-01, 6.59481E-01, -1.16277E+00, -6.67637E-01, -5.12509E-01, -4.16869E-01, -5.90796E-02, 1.50366E+00, -1.97796E-01, 3.29494E-01, 1.23699E+00, 1.08019E-01, 8.03153E-02, -1.28564E+00, -2.17884E+00, 3.20987E-01, 4.15475E-01, 1.14437E+00, 1.14849E+00, 6.91903E-01, -2.07709E-01, -8.40615E-02, -9.48432E-01, -4.13982E-01, -1.33168E+00, -9.69274E-01, 2.62639E-01, -5.88729E-02, 1.74958E-01, -8.39361E-01, 1.22135E+00, -1.33567E+00, -1.12287E+00, 5.26386E-01, -5.73764E-01, 1.60043E-02, 3.91602E-01, -1.38344E+00, 1.26080E+00, -4.31247E-01, -2.39094E-01, -7.28608E-01, 1.75626E-01, -1.71590E+00, -1.05894E+00, -6.66464E-02, -7.57463E-02, 5.44319E-01, -8.43107E-01, -2.19145E+00, -4.61129E-01, -2.51657E-01, 2.00613E-01, -1.11846E+00, 7.24574E-01, 2.45734E-01, -4.71753E-01, 1.26434E-02, 4.03622E-01, 7.93876E-01, -4.32421E-01, 7.87366E-01, 4.53429E-01, 1.91017E-01, 2.71562E+00, 6.06440E-01, -8.06672E-02, -5.34103E-02, -1.11812E+00, 3.70523E-01, 1.15541E+00, 1.00290E+00, 1.19317E+00, 1.64590E+00, -9.72926E-01, -4.30829E-03, -2.82824E-01, 1.61228E+00, -2.71506E-01, -5.55468E-02, 9.50796E-01, 2.60922E-01, -1.83317E-02, -9.53530E-01, 4.15876E-01, 1.92451E+00, 9.48314E-02, 3.48708E-02, -1.19700E+00, 8.07073E-01, -9.98063E-01, 9.80958E-01, -3.82428E-01, 1.24276E-01, -5.19078E-01, 1.48370E+00, -9.05014E-01, -4.13020E-01, 7.32463E-01, -1.01809E+00, 2.84976E-01, -9.76321E-01, -5.75121E-01, -1.92714E+00, 8.78161E-02, -1.38312E+00, 1.20393E-01, 1.35660E+00, 1.56969E+00, 6.41820E-01, 2.16037E+00, -5.79231E-01, 1.70987E-01, -2.11541E+00, -2.58845E-02, 1.33541E+00, -1.95075E+00, 9.54145E-02, 8.46758E-01, -2.28998E+00, 1.31067E+00, -8.27468E-01, -7.42093E-01, 9.29301E-01), tau.h=8.51812E+00, s=c(3.46345E-01, -1.32778E+00, -4.23152E-02, 8.94658E-01, -2.47374E-01, -1.36608E+00, 9.87253E-01, 5.08797E-01, 6.15629E-02, -1.22021E+00, -5.80043E-01, 5.50517E-01, 5.56252E-01, 1.04694E+00, 2.92144E-01, -1.26678E+00, -2.56824E-01, -1.48912E-01, 3.20645E+00, 1.05284E+00, -1.77940E+00, 4.01519E-01, -8.20989E-01, 8.71669E-01, 4.76088E-01, -1.21453E+00, -1.97735E-01, 1.87673E-02, -5.54367E-01, 7.59056E-01, 7.55810E-01, 1.26431E-01, -7.30573E-01, -1.17903E+00, -2.38674E-01, -1.50112E-02, 1.51208E-01, -2.70253E+00, -2.79520E+00, -1.12671E+00, 1.42215E+00, 1.90078E+00, 3.49508E-01, 7.72117E-01, 1.51075E+00, -2.71682E-01, -7.55583E-01, -3.03607E-01, 1.34976E-01, 1.20098E+00, -1.10960E+00, 1.00750E+00, -5.55496E-01, 1.66239E-01, -1.68411E+00, 2.65339E-01, 1.17790E+00, -1.30510E+00, 2.79113E+00, -9.27090E-01, 1.79006E+00, -2.98799E-01, 1.39865E-01, 2.88678E+00, -1.41412E+00, 4.58429E-01, -1.24900E+00, -2.13413E+00, 2.19221E-01, 4.93340E-01, -5.35084E-01, 6.35690E-01, -8.06705E-01, -1.19320E+00, 3.37207E-01, -2.38311E-01, -1.16170E+00, 2.21930E-01, -1.64179E+00, -5.98048E-03, -7.95866E-01, -7.02351E-02, -5.91907E-01, 6.13181E-01, 1.16417E+00, 1.53320E+00, 1.47909E+00, 1.40595E+00, 1.11403E+00, 5.76181E-01, 7.76520E-02, -4.99389E-01, 4.48769E-01, 2.11055E+00, 2.37713E-01, 1.74479E+00, 2.43851E+00, -1.48728E+00, 1.49034E-01, -1.37373E+00, -4.25982E-01, 2.18727E-01, -1.20185E+00, -1.12633E-01, -1.78223E-01, 1.50001E+00, -1.06027E+00, -2.89141E-01, 1.70807E+00, 7.43177E-01, 7.26901E-01, 1.45983E-01, -1.57645E-01, -5.54321E-02, 3.41425E-01, 3.13258E-01, -1.35478E+00, -7.63574E-01, -1.10791E+00, 9.02888E-01, 1.02116E-02, -5.03649E-02, 6.64831E-01, 1.70948E-01, -9.43182E-02, 2.55419E-01, 2.93243E-01, -9.17753E-01, 1.57886E+00, 5.02963E-01, 8.41887E-01, 4.41651E-01, 3.25406E+00, -1.66715E+00, 4.66774E-02, -4.01240E-02, -7.54735E-01, 6.96021E-01, 8.56924E-01, 9.42393E-01, -1.93675E-01, -2.55600E-01, 3.13145E-01, -6.15394E-02), tau.s=5.12808E+00)
