list(alpha0=0.00000E+00, h=c(-2.55288E-01, 1.09401E+00, -2.59807E-02, 6.60679E-01, 1.36137E+00, -8.81058E-01, 3.67309E-01, -9.67729E-01, -1.06410E+00, -8.93627E-01, 2.80281E+00, -3.45333E-01, -1.34992E+00, 3.38200E-01, -1.32351E+00, 2.12999E-01, 1.86788E+00, 3.26681E-01, 3.52568E-01, 6.62007E-01, 1.74859E-01, 9.30869E-02, 1.25377E+00, -9.78202E-02, 1.81479E+00, 6.97778E-01, -4.06160E-01, -1.59905E-01, 7.86751E-01, 4.49889E-01, 1.37110E-01, -3.37243E-01, 1.92958E+00, 7.64626E-01, -6.10623E-01, -3.92497E-01, -5.46773E-01, 1.96661E+00, 6.74295E-01, 1.00538E-01, 3.14217E-01, -7.10084E-01, 1.28884E+00, -1.32100E+00, -1.55700E-01, -6.52840E-01, 3.64499E-01, 1.31353E-01, 9.23430E-01, 3.12610E-01, 1.42667E-01, -1.17305E+00, -1.43496E+00, 6.18012E-01, 9.10104E-01, 8.00229E-01, 8.01115E-01, -6.36549E-01, -7.76312E-01, 5.36964E-01, 9.20619E-01, 2.32314E-01, -6.29953E-01, 1.47027E+00, 1.79974E+00, 4.45394E-01, -6.03702E-01, -5.50496E-02, 1.82799E-01, -1.21737E+00, -7.54954E-01, -7.84948E-01, 7.25779E-01, 4.27996E-02, 9.18718E-01, 1.30629E+00, -8.37703E-01, 2.26875E-01, -1.23654E+00, 4.14987E-01, -5.81584E-01, 1.82912E-01, 1.97701E+00, 1.24837E+00, -7.99935E-01, -1.60550E+00, -5.91020E-01, -5.03214E-01, 5.39271E-01, -3.41883E-01, -4.92695E-01, -7.29489E-01, 4.77319E-01, 6.71358E-01, 1.71198E+00, -4.85589E-01, -1.24904E-01, 2.60727E-01, -5.60060E-01, 4.31356E-01, 3.81504E-01, 5.92509E-01, -5.37600E-01, -6.32125E-01, 1.14995E+00, 2.41391E-01, -2.09399E-01, -2.48740E+00, 1.10724E-01, -8.81923E-01, -1.89195E+00, -1.38873E+00, -1.24984E+00, 9.50173E-01, 5.74517E-01, 7.49236E-01, 1.30375E+00, 9.67511E-01, -8.75343E-01, 4.04459E-01, -6.12190E-01, 1.20368E+00, -2.51884E+00, 7.99626E-01, 1.95476E+00, 1.00330E+00, 3.37992E-02, 1.56438E+00, -1.68053E-01, 5.57973E-01, -1.40541E+00, 8.76059E-02, -9.83400E-01, 5.24392E-01, -9.23248E-01, 8.35112E-01, -1.75218E-01, -1.03027E+00, 6.76681E-01, -5.55780E-01, 3.02079E-01, 4.33720E-02, 3.64134E+00, 3.33418E-01), tau.h=9.16521E-01, s=c(-9.32905E-02, -2.95546E-01, -2.79582E-01, 1.68328E+00, -1.69519E+00, 5.13990E-02, -4.65986E-01, -3.77368E-01, 1.40825E-01, 1.43734E+00, 3.60280E-01, -2.35396E-01, 3.41552E-01, 7.95850E-01, 6.78773E-03, -1.61711E+00, 1.01791E+00, -3.50724E-01, 7.33701E-01, 1.19613E+00, 8.41117E-01, -6.35516E-02, -6.76050E-01, -1.08997E+00, 6.18079E-01, 1.40096E+00, 1.87538E+00, -1.29095E+00, 1.07337E+00, -7.38530E-01, 1.44899E+00, 9.36061E-01, 7.49051E-01, -8.74856E-01, 8.29665E-01, 2.18273E-01, -2.86496E-01, -1.04636E+00, -1.58063E+00, 6.68978E-01, 6.24939E-01, -8.25602E-01, -1.34054E+00, 1.09335E+00, 1.29443E+00, -1.02414E+00, 7.72212E-01, -1.17657E+00, 2.91317E-01, 4.60435E-01, 5.00194E-01, 1.06762E+00, -1.35015E+00, 2.32724E+00, -1.34113E+00, 9.61073E-01, 7.69658E-01, 1.69377E+00, -1.33769E+00, 1.36188E+00, -1.59277E-01, 1.20823E+00, -1.82851E-01, 3.57129E-01, 1.46711E-01, 1.25061E-01, 4.54239E-01, 1.27392E+00, -7.30652E-01, -1.94914E-02, 1.37565E+00, 1.81186E-01, 1.09067E+00, -2.72308E-01, 5.72921E-01, -7.58442E-01, 1.42231E+00, 6.83666E-01, -5.80641E-01, -8.85271E-01, 2.54341E-01, -2.60820E+00, -5.87028E-01, 2.33941E+00, 6.14886E-02, 1.81139E-01, -6.25627E-01, 1.93147E+00, -5.97908E-02, 1.32222E+00, 8.18992E-01, 4.60172E-02, -5.40653E-01, -1.13878E+00, -7.31042E-01, -1.09044E+00, 8.30949E-01, 8.77469E-01, -3.10525E-01, -5.59693E-01, 2.54336E+00, -1.92984E+00, -1.25228E+00, 4.16682E-01, -1.71594E+00, -8.92152E-01, 8.56724E-01, 1.44813E+00, 8.09289E-01, 4.25165E-01, 3.00913E-01, -3.35806E-01, 1.58739E+00, 6.22027E-01, -3.94044E-01, -6.85142E-02, 5.81690E-02, 8.79889E-01, 4.28655E-01, -7.80127E-01, -7.62310E-01, -1.01291E+00, 1.09301E+00, 3.97703E-01, 8.95329E-01, -1.32914E+00, -4.29341E-01, 7.95159E-01, -1.24567E-01, -1.65670E+00, -2.17053E+00, 4.29616E-01, 9.26782E-01, -1.01695E+00, 6.13360E-01, -1.61427E-01, -3.47514E-01, -6.05123E-02, -2.99050E-01, 7.45856E-01, 6.11462E-01, 3.22735E-01, 1.65607E+00, -1.02977E+00), tau.s=5.61412E-01)
