list(alpha0=0.00000E+00, h=c(-9.71807E-01, 7.67543E-02, -2.40988E-01, 4.78820E-01, 1.85075E-01, 1.20050E+00, 1.40359E+00, 1.73919E-01, -7.43963E-03, -1.11262E-01, -7.00611E-01, 1.04283E+00, -1.83550E+00, 1.99524E-01, -3.71833E-01, 8.60086E-01, 1.34445E+00, -6.26882E-01, 9.89668E-01, -1.49074E-01, -6.54815E-01, -4.91869E-01, -3.94567E-02, -3.88136E-01, 2.15771E+00, 1.91795E-01, -7.63631E-01, 1.85599E+00, 4.30115E-01, -9.54443E-01, -4.60260E-01, 1.85556E+00, -1.69997E+00, -1.47671E+00, -3.76262E-01, 4.75458E-01, -1.30429E+00, -6.29244E-01, -7.56963E-01, -2.00981E-01, -9.68613E-02, -1.79296E+00, 7.03723E-02, 9.23491E-01, 1.91624E+00, 5.55940E-01, -6.30310E-01, -1.12785E+00, -1.71342E+00, 8.34789E-01, 3.52306E-01, -1.69436E-01, -1.27410E+00, -3.55684E-01, 6.21702E-01, 5.77136E-01, -5.27682E-01, -1.55235E-01, 1.61136E-01, 2.33711E-01, -5.01278E-01, 9.48787E-01, -1.55189E+00, -1.49318E+00, -1.42802E-01, -1.01821E-01, -1.51578E+00, -2.16675E+00, -2.92848E-01, 1.10045E-01, -1.29366E+00, 1.12475E+00, -6.39654E-01, 2.05905E+00, 4.00222E-01, 5.65334E-01, -4.56037E-01, 1.44311E+00, 4.58261E-01, 6.13023E-01, -1.56690E+00, 1.47676E+00, 7.73616E-01, -4.52244E-01, -5.82007E-01, 9.94606E-01, 3.08543E-01, -8.75022E-01, 4.10297E-01, 2.10850E-01, 3.27547E-01, -8.26383E-01, -2.93171E-01, -2.54044E-02, -1.78675E-01, 5.81610E-01, 2.40100E-01, 3.67570E-01, 1.38773E-01, -6.63734E-03, 1.75886E+00, -4.37808E-01, 8.37699E-02, 1.80395E+00, -9.21000E-01, -3.21318E+00, 7.21975E-01, -9.73473E-01, -8.24318E-01, -6.29223E-02, -1.17521E+00, -1.92240E+00, -1.33534E+00, 2.19831E+00, 1.97380E-01, -9.39943E-01, 2.29574E+00, 1.96304E+00, 3.01778E-01, 7.98151E-01, -2.81339E-01, -1.80293E-01, 3.20648E-02, 7.65500E-02, 2.68540E-01, 1.90637E+00, 9.50440E-01, 4.17127E-02, 5.25283E-01, -9.91437E-01, -1.41803E+00, -1.39822E-01, -8.23048E-01, 3.64944E-01, 5.84706E-01, -9.67012E-01, 2.04116E-01, -1.16716E+00, -1.37672E+00, -7.63055E-01, -7.59911E-01, -1.01579E+00, 1.30727E+00, 7.34763E-01), tau.h=1.39653E-01, s=c(-8.79275E-01, 2.16027E+00, 2.35683E-01, 5.60505E-01, 1.52874E+00, 3.76968E-01, 1.90072E+00, 4.71270E-01, 3.47835E-01, -1.56899E+00, 6.36621E-01, -1.26799E+00, 4.50703E-01, -4.76636E-01, -1.08780E+00, 2.92360E-01, 1.83942E-01, 1.02625E+00, 4.98472E-01, 2.38246E-02, 2.49232E-01, -1.60759E-01, 7.87868E-01, -1.05790E-01, -2.41178E-01, -2.43697E-01, 1.20110E+00, 6.08850E-01, 2.10998E+00, 1.42350E+00, -5.68136E-01, -3.48568E-01, -1.28296E+00, 6.19260E-01, -4.68998E-01, 3.52997E-02, -2.20634E-01, -2.32585E-02, 1.58193E+00, -1.65739E+00, 6.99784E-01, 1.25501E+00, -1.45070E+00, 5.03503E-01, -6.70393E-02, 7.38072E-02, 1.70000E-01, -1.01469E+00, 5.30793E-01, -1.06056E+00, 1.26522E-01, -1.26815E+00, -1.16447E+00, 5.86953E-01, -6.27406E-01, 9.71859E-01, 1.03004E+00, 1.16439E+00, -1.48571E-01, 7.32220E-01, -8.59524E-01, 1.28615E+00, -1.36509E-01, 1.38561E+00, -7.28850E-01, -6.00762E-01, -1.38075E+00, -4.39156E-01, -7.89938E-01, 1.54932E-01, 4.90042E-01, -1.08508E+00, 1.17880E+00, -6.86953E-01, 2.74509E+00, -2.80632E-01, 1.86812E-01, -4.41979E-01, 4.83274E-01, -4.79374E-01, -2.06429E+00, 5.49249E-01, 1.33099E+00, 1.59089E+00, 5.15185E-01, -1.45803E+00, -1.32656E+00, 1.78186E-01, -6.73068E-01, -1.87944E+00, 1.33417E+00, 2.27752E-01, 6.13757E-01, -2.77441E-02, 5.36092E-01, -4.84358E-02, -5.52793E-01, 2.14546E-01, -3.04801E-01, 2.04269E-01, -4.34689E-01, -7.76430E-02, 6.55401E-01, -8.16145E-01, -9.82183E-01, -2.01486E-01, 1.20146E+00, -2.41053E+00, 9.96523E-02, 2.82434E-01, 1.14406E+00, -2.47323E+00, 1.82872E-01, 1.20332E+00, 4.49576E-01, 1.50275E+00, -1.03794E+00, -9.96309E-01, 7.47334E-01, -8.84407E-01, 9.02990E-01, -3.05888E-01, -5.12833E-01, 9.76180E-01, -1.63410E+00, -8.66931E-02, 4.21030E-01, 1.08669E+00, -9.69984E-01, -6.36730E-01, 3.08289E+00, 2.92753E-01, -5.87118E-01, 9.85165E-02, 6.31873E-01, -5.85317E-01, -4.60952E-01, 8.46293E-01, -2.29094E-03, 1.28135E+00, 2.34717E+00, -1.66573E+00, -5.22678E-01, 1.26737E+00), tau.s=8.58725E+00)
