list(N=1.44000E+02, O=c(5.00000E+00, 7.00000E+00, 0.00000E+00, 0.00000E+00, 8.00000E+00, 5.00000E+00, 1.00000E+00, 1.00000E+01, 3.00000E+00, 5.00000E+00, 4.00000E+00, 7.00000E+00, 3.00000E+00, 6.00000E+00, 1.00000E+00, 5.00000E+00, 4.00000E+00, 6.00000E+00, 3.00000E+00, 3.00000E+00, 2.00000E+00, 2.00000E+00, 9.00000E+00, 8.00000E+00, 6.00000E+00, 1.00000E+01, 9.00000E+00, 1.50000E+01, 1.40000E+01, 1.20000E+01, 1.10000E+01, 2.30000E+01, 1.20000E+01, 4.00000E+00, 2.70000E+01, 1.00000E+01, 1.00000E+01, 1.00000E+01, 1.30000E+01, 1.00000E+01, 7.00000E+00, 1.30000E+01, 1.60000E+01, 4.00000E+00, 9.00000E+00, 4.00000E+00, 1.30000E+01, 4.00000E+00, 1.00000E+01, 1.20000E+01, 1.80000E+01, 1.30000E+01, 2.50000E+01, 5.00000E+00, 1.20000E+01, 6.00000E+00, 5.00000E+00, 2.00000E+00, 3.00000E+00, 6.00000E+00, 4.00000E+00, 4.00000E+00, 6.00000E+00, 1.00000E+00, 5.00000E+00, 9.00000E+00, 7.00000E+00, 1.00000E+00, 5.00000E+00, 1.00000E+00, 4.00000E+00, 3.00000E+00, 3.00000E+00, 2.00000E+00, 3.00000E+00, 9.00000E+00, 5.00000E+00, 9.00000E+00, 1.90000E+01, 4.00000E+00, 1.20000E+01, 1.00000E+00, 2.00000E+00, 8.00000E+00, 6.00000E+00, 4.00000E+00, 2.00000E+00, 4.00000E+00, 8.00000E+00, 4.00000E+00, 6.00000E+00, 7.00000E+00, 4.00000E+00, 1.00000E+01, 4.00000E+00, 7.00000E+00, 8.00000E+00, 1.20000E+01, 1.20000E+01, 8.00000E+00, 6.00000E+00, 2.00000E+00, 7.00000E+00, 7.00000E+00, 7.00000E+00, 4.00000E+00, 1.00000E+01, 8.00000E+00, 3.00000E+00, 5.00000E+00, 6.00000E+00, 9.00000E+00, 3.00000E+00, 1.00000E+01, 9.00000E+00, 8.00000E+00, 9.00000E+00, 6.00000E+00, 3.00000E+00, 1.00000E+00, 0.00000E+00, 1.00000E+00, 1.00000E+00, 3.00000E+00, 1.00000E+00, 0.00000E+00, 1.00000E+00, 0.00000E+00, 2.00000E+00, 5.00000E+00, 0.00000E+00, 0.00000E+00, 1.00000E+00, 0.00000E+00, 0.00000E+00, 1.00000E+00, 2.00000E+00, 4.00000E+00, 2.00000E+00, 2.00000E+00, 3.00000E+00, 0.00000E+00, 0.00000E+00, 1.00000E+00), E=c(2.53000E+00, 3.94000E+00, 3.09000E+00, 2.75000E+00, 3.81000E+00, 3.66000E+00, 4.05000E+00, 3.07000E+00, 3.42000E+00, 4.24000E+00, 3.90000E+00, 3.58000E+00, 3.68000E+00, 3.19000E+00, 5.15000E+00, 3.75000E+00, 3.37000E+00, 4.52000E+00, 1.94000E+00, 3.47000E+00, 3.48000E+00, 3.32000E+00, 4.52000E+00, 9.20000E+00, 1.03700E+01, 8.08000E+00, 6.66000E+00, 7.70000E+00, 9.79000E+00, 9.77000E+00, 1.01700E+01, 9.93000E+00, 9.53000E+00, 1.05900E+01, 7.64000E+00, 7.03000E+00, 4.09000E+00, 7.66000E+00, 8.02000E+00, 6.78000E+00, 9.85000E+00, 7.98000E+00, 8.14000E+00, 4.07000E+00, 7.54000E+00, 7.04000E+00, 7.99000E+00, 8.10000E+00, 5.69000E+00, 6.37000E+00, 8.20000E+00, 6.52000E+00, 4.68000E+00, 9.11000E+00, 1.12800E+01, 6.18000E+00, 4.79000E+00, 4.98000E+00, 6.47000E+00, 5.43000E+00, 6.51000E+00, 4.44000E+00, 6.69000E+00, 5.55000E+00, 6.24000E+00, 5.27000E+00, 5.61000E+00, 5.31000E+00, 6.92000E+00, 5.17000E+00, 5.13000E+00, 3.73000E+00, 6.18000E+00, 9.44000E+00, 7.30000E+00, 7.63000E+00, 1.16600E+01, 6.52000E+00, 6.64000E+00, 1.06400E+01, 7.15000E+00, 8.76000E+00, 7.48000E+00, 6.06000E+00, 6.36000E+00, 7.98000E+00, 8.92000E+00, 9.07000E+00, 6.20000E+00, 7.37000E+00, 6.68000E+00, 8.62000E+00, 8.05000E+00, 5.97000E+00, 8.65000E+00, 7.04000E+00, 8.91000E+00, 5.95000E+00, 7.50000E+00, 9.11000E+00, 1.05900E+01, 7.64000E+00, 8.91000E+00, 8.72000E+00, 1.17000E+01, 1.06900E+01, 7.73000E+00, 8.52000E+00, 7.81000E+00, 9.24000E+00, 8.25000E+00, 1.07200E+01, 1.03300E+01, 8.19000E+00, 1.09000E+01, 7.00000E+00, 9.98000E+00, 1.01000E+01, 2.33000E+00, 3.49000E+00, 7.80000E-01, 3.59000E+00, 2.47000E+00, 4.10000E+00, 1.82000E+00, 7.10000E-01, 1.44000E+00, 1.76000E+00, 3.39000E+00, 2.19000E+00, 1.66000E+00, 1.35000E+00, 2.27000E+00, 2.11000E+00, 1.05000E+00, 2.22000E+00, 3.24000E+00, 2.65000E+00, 3.15000E+00, 1.94000E+00, 3.13000E+00, 1.95000E+00, 2.16000E+00, 1.76000E+00), SMR=c(1.97628E+00, 1.77665E+00, 0.00000E+00, 0.00000E+00, 2.09974E+00, 1.36612E+00, 2.46914E-01, 3.25733E+00, 8.77193E-01, 1.17925E+00, 1.02564E+00, 1.95531E+00, 8.15217E-01, 1.88088E+00, 1.94175E-01, 1.33333E+00, 1.18694E+00, 1.32743E+00, 1.54639E+00, 8.64553E-01, 5.74713E-01, 6.02410E-01, 1.99115E+00, 8.69565E-01, 5.78592E-01, 1.23762E+00, 1.35135E+00, 1.94805E+00, 1.43003E+00, 1.22825E+00, 1.08161E+00, 2.31621E+00, 1.25918E+00, 3.77715E-01, 3.53403E+00, 1.42248E+00, 2.44499E+00, 1.30548E+00, 1.62095E+00, 1.47493E+00, 7.10660E-01, 1.62907E+00, 1.96560E+00, 9.82801E-01, 1.19363E+00, 5.68182E-01, 1.62703E+00, 4.93827E-01, 1.75747E+00, 1.88383E+00, 2.19512E+00, 1.99387E+00, 5.34188E+00, 5.48847E-01, 1.06383E+00, 9.70874E-01, 1.04384E+00, 4.01606E-01, 4.63679E-01, 1.10497E+00, 6.14439E-01, 9.00901E-01, 8.96861E-01, 1.80180E-01, 8.01282E-01, 1.70778E+00, 1.24777E+00, 1.88324E-01, 7.22543E-01, 1.93424E-01, 7.79727E-01, 8.04290E-01, 4.85437E-01, 2.11864E-01, 4.10959E-01, 1.17955E+00, 4.28816E-01, 1.38037E+00, 2.86145E+00, 3.75940E-01, 1.67832E+00, 1.14155E-01, 2.67380E-01, 1.32013E+00, 9.43396E-01, 5.01253E-01, 2.24215E-01, 4.41014E-01, 1.29032E+00, 5.42741E-01, 8.98204E-01, 8.12065E-01, 4.96894E-01, 1.67504E+00, 4.62428E-01, 9.94318E-01, 8.97868E-01, 2.01681E+00, 1.60000E+00, 8.78156E-01, 5.66572E-01, 2.61780E-01, 7.85634E-01, 8.02752E-01, 5.98291E-01, 3.74181E-01, 1.29366E+00, 9.38967E-01, 3.84123E-01, 5.41126E-01, 7.27273E-01, 8.39552E-01, 2.90416E-01, 1.22100E+00, 8.25688E-01, 1.14286E+00, 9.01804E-01, 5.94059E-01, 1.28755E+00, 2.86533E-01, 0.00000E+00, 2.78552E-01, 4.04858E-01, 7.31707E-01, 5.49451E-01, 0.00000E+00, 6.94444E-01, 0.00000E+00, 5.89971E-01, 2.28311E+00, 0.00000E+00, 0.00000E+00, 4.40529E-01, 0.00000E+00, 0.00000E+00, 4.50450E-01, 6.17284E-01, 1.50943E+00, 6.34921E-01, 1.03093E+00, 9.58466E-01, 0.00000E+00, 0.00000E+00, 5.68182E-01))
