list(alpha0=1.17242E-01)
