list(alpha0=-6.51100E-01, s=c(-3.14577E-02, 7.48970E-01, 5.82057E-01, -3.87903E-01, -1.23734E+00, 6.42143E-01, 1.43395E+00, -1.02704E-01, 1.67301E-01, 8.75120E-02, -9.95164E-01, -8.05490E-01, 1.05569E+00, 4.31305E-01, -2.50716E-01, -1.64649E+00, -4.23025E-01, 2.54477E+00, -6.59513E-01, -1.79101E+00, 1.28321E+00, -3.67616E-01, 1.16828E+00, 7.65336E-01, -1.38853E+00, -1.19328E-01, -3.36745E-01, -2.08351E-01, 2.20703E+00, 6.65577E-02, -9.49103E-01, 3.87967E-01, -2.16508E-01, 1.62349E-01, 1.86471E-01, -8.82089E-02, 3.98793E-01, -1.19675E-01, -5.00790E-01, -5.34615E-01, -7.73008E-01, 2.42623E-02, 1.25197E+00, 1.64856E-01, -8.37746E-01, 2.06155E+00, 8.45634E-01, -1.27361E-01, 1.55880E-01, -8.78699E-01, 6.59138E-01, -1.16074E+00, -7.88339E-01, 5.42473E-01, -3.01768E-01, -1.13070E+00, -6.12058E-01, 7.65658E-01, -5.08656E-02, 1.45155E+00, -6.10714E-01, -9.85565E-01, -3.75679E-01, -3.53237E-01, 9.46784E-01, -1.69511E+00, -8.67949E-01, 7.58081E-01, -6.07445E-01, 1.37683E+00, -2.75514E-01, -8.56384E-02, 1.35849E-01, -1.60687E-01, -2.32776E-01, -3.65977E-01, 2.13180E+00, -4.53442E-02, -5.90255E-01, 9.48137E-02, 1.15293E+00, -8.34195E-01, -1.83662E+00, 1.14758E+00, -9.01114E-01, 6.77077E-01, -9.39335E-01, 7.19972E-02, 6.76049E-02, 4.35280E-01, -6.66212E-01, 5.42285E-01, 7.86411E-01, -7.47971E-01, -7.02358E-01, 3.99161E-01, 2.57034E-01, -6.06719E-02, -1.14942E+00, -6.24955E-01, 4.45188E-01, 1.28898E+00, 2.73400E+00, -1.30898E+00, 4.02945E-01, 5.08474E-01, 2.27626E+00, 5.24242E-01, -6.34854E-01, 2.63872E+00, 1.49550E+00, -2.08256E+00, 1.70752E-01, 7.78302E-01, -3.98986E-01, -1.21615E+00, 3.76001E-01, 4.00463E-01, -7.01898E-01, -9.53432E-01, -3.23899E-01, -2.82352E-01, 1.06238E+00, -2.93671E-01, -1.13313E+00, 2.32303E-01, -2.35790E+00, 5.05771E-01, 1.08636E+00, 1.20288E-01, 1.42641E+00, -1.09043E-01, -5.47131E-01, 9.45471E-01, -4.92736E-01, 1.02680E-01, -1.21833E+00, -1.08388E+00, -2.11103E+00, 3.98340E-01, -1.59550E+00, -2.29571E+00, -6.35237E-02, -4.21299E-01), tau.s=1.31087E+00)
