list(alpha0=0.00000E+00, s=c(-1.17759E+00, 6.24284E-01, 2.33307E-01, 1.16043E+00, -1.13330E+00, 2.32893E-01, -1.40944E+00, -1.31508E+00, -6.95775E-01, -6.43616E-01, 1.03781E+00, 9.87866E-01, 2.53516E-01, -1.40452E+00, -4.01995E-01, -2.05170E+00, -5.34085E-01, 2.32961E-01, 5.76415E-01, 4.43603E-01, 1.02140E+00, 1.03247E+00, 3.79127E-01, 1.28674E+00, -3.08727E-01, 1.02323E+00, -2.46005E-01, 1.12672E+00, -3.50299E-01, -5.30703E-01, 4.31231E-01, -4.03488E-01, 5.23520E-01, -5.98080E-01, 1.36426E+00, 4.63727E-01, -5.48628E-01, 1.27121E+00, -3.28585E-01, 5.05963E-01, -1.48912E-01, -1.61350E+00, 4.32679E-01, 8.28549E-01, -9.88218E-01, 3.05443E-01, -5.31810E-01, -7.03781E-01, -6.94754E-01, -2.65502E-01, 9.98395E-01, 5.56845E-01, 1.56290E-01, 4.40187E-01, -1.12800E+00, 3.28553E-01, -7.52982E-01, -7.07189E-02, -6.02557E-01, 4.43123E-01, 1.18433E+00, 9.63002E-01, 8.93908E-01, -1.49402E+00, -7.22663E-01, 2.51895E-01, -9.03394E-01, 1.51378E+00, 1.40138E+00, -9.85716E-03, 5.23908E-01, 2.10730E+00, -5.81638E-01, 1.02534E+00, 1.73940E+00, 7.44049E-01, 3.44368E-01, 7.93522E-01, -3.63577E-01, 8.53732E-01, 9.17168E-01, 8.95279E-02, -8.74004E-01, -1.04107E-01, 5.90562E-01, 2.54595E-01, -1.16998E+00, 1.64797E+00, 2.31513E-01, 1.52191E-01, -2.03896E-01, 6.91666E-01, 8.39326E-01, 3.78656E-02, 1.22726E+00, 7.32506E-01, -3.72587E-01, 5.15909E-02, -1.01284E+00, 3.22040E-01, -8.90682E-01, -8.37998E-01, 1.78064E+00, -7.38766E-01, 1.84501E-01, -1.42322E+00, 6.05402E-01, 1.88215E+00, 9.09150E-01, 8.78371E-01, 5.13639E-01, -1.02796E+00, -6.59243E-01, 3.89106E-01, -2.28597E+00, -2.46644E+00, 1.15012E+00, 1.45507E-02, 2.37484E-01, 1.60220E+00, -7.99267E-01, -3.05972E-01, 5.11860E-01, -1.11204E+00, -8.67138E-01, -3.94153E-03, -1.27723E+00, -1.00655E+00, -7.70649E-01, 1.92899E+00, 1.29177E-01, -1.11289E+00, 1.71174E+00, -1.78905E+00, 3.70546E-01, -1.81739E-02, -1.46793E-01, 2.00192E-01, 1.82718E+00, 1.08553E+00, 1.84731E+00, -1.87382E-01, 8.99371E-01, -1.36458E+00), tau.s=6.41981E-01)
