list(alpha0=0.00000E+00, s=c(-2.35922E+00, 5.56090E-01, -1.95225E-01, -4.31363E-01, -1.01935E+00, 1.77765E-01, -1.41661E-02, -7.86962E-01, 6.34265E-01, -3.96956E-01, -3.96597E-01, -1.37785E+00, 6.28854E-01, 6.87663E-02, -1.70544E+00, -7.43195E-02, 1.79346E-01, -4.70157E-02, 3.30987E-01, -6.74518E-01, -1.38146E-01, 9.64081E-02, -4.04187E-01, -1.46002E+00, 1.74170E-01, -1.32196E+00, -2.64305E-01, -1.07826E+00, 1.69314E+00, -2.34304E-01, -8.57865E-02, 6.15936E-01, -2.36758E+00, -1.34277E+00, 7.76203E-01, -6.04104E-01, 6.59865E-01, -3.05693E-01, 6.50081E-01, 2.12534E+00, -1.92960E+00, 2.19722E-01, -2.57644E+00, -2.00116E-01, -2.15003E+00, -4.96034E-01, -1.96875E-01, -4.23248E-01, -2.06600E-01, -4.09213E-01, -7.78533E-01, -1.83880E-01, 7.94983E-01, 1.44050E-01, 1.38325E+00, -2.73343E-01, 2.00829E-01, 3.38485E-01, -1.79686E-01, -6.21446E-01, 1.63803E-01, 1.58876E+00, -9.48027E-02, -5.70911E-01, 2.20013E+00, -1.66536E+00, 8.76523E-01, 6.39096E-01, -4.30584E-01, -5.76304E-01, -3.85216E-01, 1.65023E+00, 6.15538E-01, 9.09782E-01, -1.72180E-01, 1.45272E+00, -5.95032E-02, -1.12937E-01, 5.45168E-01, -6.35409E-01, 1.13661E+00, -2.68311E-01, 1.29661E+00, -1.26748E+00, -3.55602E-01, 6.90981E-01, -1.98764E+00, 3.05222E-01, -1.77321E+00, -9.34243E-01, 3.89998E-01, -1.67942E-01, -5.02773E-01, -8.88891E-01, 7.07693E-01, 1.53079E+00, 1.07095E+00, -1.37876E+00, -6.47767E-01, 5.10099E-01, -9.64633E-01, 6.26191E-01, -2.08862E+00, -6.01934E-01, -1.47678E+00, -1.61875E+00, 1.77894E+00, 1.14828E-01, 6.31870E-01, 6.89583E-01, -1.43028E+00, -3.57624E-01, 9.27422E-01, 2.40656E-01, -1.21714E+00, 1.07982E+00, -7.85224E-01, 1.16606E+00, -2.73449E-01, -1.01716E+00, -3.14200E-01, -2.05839E+00, 4.12533E-01, 2.81397E-01, -5.05909E-01, 7.27123E-01, -7.57848E-01, 9.27044E-01, -9.90324E-01, 5.94618E-01, 4.54893E-02, -1.17806E-01, 1.10309E+00, -4.91969E-01, 7.25231E-01, -5.61352E-01, -5.03839E-02, -6.60225E-01, 6.32726E-02, 1.43197E+00, -5.17556E-01, -1.52150E+00, -2.34063E-01, 7.58350E-01), tau.s=2.16439E-01)
