list(alpha0=1.84360E-01, s=c(-7.55481E-01, -1.07528E+00, 5.48395E-01, -8.57311E-01, -1.02605E+00, -2.45573E+00, -1.13315E+00, -1.95849E+00, 1.71593E+00, 8.01442E-01, -6.96856E-01, -1.09211E-01, -3.07233E-01, -6.11289E-02, 9.50201E-01, 6.26439E-01, 1.14125E-01, 5.04763E-01, 5.82581E-01, -1.22223E+00, 1.39936E+00, -6.44452E-01, -4.81097E-01, 9.55157E-01, -1.16915E+00, 1.20281E+00, -1.05502E+00, 1.60790E-01, 5.71166E-01, 5.53362E-01, 5.51721E-01, -2.97292E-02, 5.00293E-01, 6.53439E-01, 1.19393E+00, -1.75766E-01, -2.19531E+00, 6.02607E-01, 1.01526E+00, 4.74225E-01, -7.77757E-01, -1.87614E-01, 3.05191E-01, 1.39864E+00, -9.87545E-01, -7.78830E-01, 7.21123E-01, 3.59919E-01, -2.57312E-01, -1.03216E+00, -2.32980E-01, -8.50988E-01, -7.67547E-01, 2.05268E+00, 7.55805E-01, -3.28137E-01, -1.39835E+00, 5.85014E-01, -5.36251E-01, 2.02870E-01, 3.55349E-01, -1.32035E-02, -8.72424E-01, 7.66362E-02, -1.32845E-01, 4.82268E-01, 4.36561E-01, -9.78194E-01, 9.85808E-01, -9.13719E-01, -2.44101E-01, -7.86227E-01, 1.59173E-02, 1.03356E+00, -1.29733E+00, 6.69653E-01, 1.06980E+00, 1.19698E+00, -1.03710E+00, -3.64353E-01, 1.47157E+00, -1.63803E+00, -5.26971E-02, 1.71215E+00, -1.04536E+00, -1.81198E+00, -6.22267E-01, -1.33288E+00, 1.94194E-01, 5.28703E-01, -2.07350E+00, 5.02525E-01, 1.86693E-01, 4.67660E-01, 1.25966E+00, -1.77855E-01, -1.01055E+00, 4.90969E-01, -5.41751E-01, 8.15910E-01, 3.01330E-01, 4.97436E-03, 4.99258E-01, -1.07061E+00, 3.77551E-01, 2.81148E-02, 1.16412E+00, -1.17951E+00, -1.37030E+00, -7.87951E-01, -4.69448E-01, 7.94730E-01, -5.07304E-01, 1.03123E+00, -6.65597E-01, 1.36936E+00, -3.15998E-02, 6.66577E-01, -2.08798E+00, 5.94213E-01, -1.91318E+00, -1.87871E+00, 1.53912E-01, -6.88358E-01, 2.22628E-02, -1.84652E-01, -1.51966E+00, 3.06855E-02, -6.63943E-01, -1.69199E+00, 3.08172E-01, -4.57524E-01, 1.25542E+00, 1.93170E+00, -8.21886E-03, 1.10286E+00, 1.47576E+00, -1.03093E-03, 5.51016E-02, 4.79542E-01, 2.64461E-01, -1.39472E+00, 6.96391E-01, 4.42594E-01), tau.s=2.76895E+00)
