list(alpha0=-5.00000E-01, s=c(6.23509E-02, 9.11757E-01, -6.01090E-01, 7.30094E-01, 5.65789E-02, 5.11807E-01, 9.12717E-01, -2.69782E-01, 5.21686E-01, -2.78062E-01, -3.51578E-01, 4.72132E-01, -9.18445E-01, -6.15062E-01, -8.81100E-01, -1.63961E-01, -5.13365E-01, 3.54068E-01, -1.09011E+00, 1.69601E-01, -8.84433E-01, -9.61562E-01, 7.42411E-01, -1.75313E+00, -5.27578E-01, -2.18751E+00, -1.27688E+00, 6.86828E-01, -7.96381E-01, 1.04805E+00, -1.29882E+00, 4.33838E-01, -2.16467E+00, 7.16505E-01, 6.07543E-01, -3.06596E+00, -5.14762E-01, -2.28948E+00, -4.84237E-01, -9.46190E-02, 7.81725E-01, 6.10494E-01, 5.31036E-01, 1.98278E-02, -1.30937E+00, 4.50231E-02, 2.76400E-01, -1.09645E+00, 1.76493E+00, -7.38416E-01, 1.55553E-01, 5.15556E-01, 1.33514E+00, 1.80771E-01, -5.45703E-01, 2.18399E-01, -3.72535E-01, 1.95806E+00, 1.72280E+00, -6.36525E-01, -1.60304E+00, -6.07858E-01, 7.02095E-01, -3.49100E-01, -9.76783E-01, -1.34900E+00, -6.67840E-02, -3.14935E-01, 2.88303E-01, -1.21388E+00, 1.43259E-01, -1.34453E+00, -8.64363E-01, -5.73148E-01, -2.65065E-01, 1.26200E+00, 1.86670E+00, 3.33321E-01, 1.45612E+00, -1.13662E+00, -2.42127E+00, -1.76852E-01, 1.06706E+00, -1.42412E-01, -1.37118E+00, -3.88497E-01, -7.71962E-01, -1.51300E-01, -1.28769E-01, 1.05835E-01, -1.42677E+00, -8.52697E-01, -1.14182E+00, -6.51264E-01, -9.10100E-01, 6.14947E-01, 6.61317E-01, -2.82822E+00, -2.06045E-01, -2.82096E-01, 8.60914E-01, -1.54133E+00, 1.41946E+00, 6.44279E-01, -4.46381E-01, 1.16761E-01, -1.27166E+00, 1.60088E+00, -1.46327E+00, 8.60046E-01, -1.75790E+00, 1.33426E+00, -4.86103E-01, 7.51549E-01, 1.85558E+00, -3.85244E-02, -1.30574E+00, 1.34975E+00, -1.48194E+00, 1.57561E+00, 2.69716E+00, -6.44763E-01, 6.70855E-01, 2.15261E-01, 1.26041E+00, 4.92239E-01, 9.09372E-02, -1.88802E+00, -7.48276E-01, 1.00114E+00, -2.13158E+00, 3.12782E-01, -5.45777E-02, 5.64762E-01, -4.71074E-01, -1.24413E-01, 1.86381E-01, -4.64264E-01, 1.57066E-02, -1.39934E+00, -1.40959E+00, -2.68789E-01, 1.18683E+00, 2.13986E-02), tau.s=6.07078E+00)
