list(alpha0=-5.00000E-01, s=c(8.85667E-01, -8.21133E-01, 1.11574E+00, 2.09882E+00, -3.39676E-01, -3.70868E-01, 3.92279E-01, 8.38079E-01, 2.18965E-01, -4.55794E-01, 3.89892E-01, -1.93809E+00, -4.93138E-02, -4.98541E-01, -6.48796E-01, -9.54881E-02, -9.70690E-01, -1.04779E+00, -2.83205E-01, -8.37204E-01, -9.75001E-01, 1.86440E+00, 8.06281E-02, 1.46303E+00, 4.31545E-01, 1.83868E+00, 1.07764E-01, -2.47573E-01, 4.13571E-02, -1.35967E+00, 6.88576E-01, 8.35906E-01, 8.11983E-01, -3.87410E-01, -5.28633E-01, -4.16285E-01, -8.22860E-01, -8.20283E-02, 4.00737E-01, 1.20882E+00, -2.81277E+00, 5.81987E-01, 5.30100E-01, -1.10087E-01, 4.59962E-01, -1.76725E+00, 9.44993E-02, -4.00053E-01, 1.73932E-01, 1.26390E+00, 1.11803E+00, 1.12070E+00, 7.74055E-01, -2.96915E-01, 6.87496E-02, -9.65556E-01, -6.38992E-01, 4.45553E-01, 8.11324E-01, 2.26246E-01, -1.76145E+00, 2.24838E-01, -3.39504E-01, -5.43319E-01, 1.27081E+00, -8.82633E-01, 2.29477E-03, 5.83854E-01, -1.22325E-01, -4.11613E-02, -1.83243E+00, -1.33073E-01, 7.15824E-01, -6.70660E-01, 4.12261E-02, -1.66859E-02, 4.33193E-01, -7.13786E-02, 1.48157E+00, -1.42473E+00, 8.31152E-01, -9.53760E-01, -5.14594E-01, 2.31325E-01, -1.17566E+00, 2.72815E-01, -8.68155E-01, -1.72817E-01, 6.42946E-01, -1.72532E+00, -5.94916E-01, -2.28794E-01, -2.52294E-01, -7.13378E-01, -1.33922E-01, -9.22509E-01, -2.92913E-01, 4.01813E-01, -1.28091E+00, -2.53476E-01, 1.30973E-01, -7.85113E-01, 5.09615E-02, -6.51148E-01, -5.95995E-01, -1.30550E+00, 6.41959E-01, 1.29098E-01, -2.52548E-01, 1.08855E+00, -8.14058E-01, -1.59544E+00, -3.24073E-01, 1.48439E+00, 3.65613E-01, -3.21620E-01, -1.22583E-01, -9.66987E-01, -2.16547E-01, 1.00274E+00, 2.42810E-01, -1.07822E+00, -1.30394E-01, -5.03562E-01, -4.07374E-01, 6.05701E-01, 2.59404E-01, -1.45257E+00, 1.19757E+00, 1.27034E-01, 7.11548E-02, 3.51444E-02, 1.37001E-01, 7.01656E-01, 4.31863E-01, 7.37606E-01, 8.29604E-01, 4.22204E-01, -2.77407E-01, -9.41898E-01, 4.02133E-01, -2.90274E-01, 4.88764E-01, 1.00765E+00), tau.s=1.76552E+00)
