list(N=1.44000E+02, O=c(5.00000E+00, 7.00000E+00, 0.00000E+00, 0.00000E+00, 8.00000E+00, 5.00000E+00, 1.00000E+00, 1.00000E+01, 3.00000E+00, 5.00000E+00, 4.00000E+00, 7.00000E+00, 3.00000E+00, 6.00000E+00, 1.00000E+00, 5.00000E+00, 4.00000E+00, 6.00000E+00, 3.00000E+00, 3.00000E+00, 2.00000E+00, 2.00000E+00, 9.00000E+00, 8.00000E+00, 6.00000E+00, 1.00000E+01, 9.00000E+00, 1.50000E+01, 1.40000E+01, 1.20000E+01, 1.10000E+01, 2.30000E+01, 1.20000E+01, 4.00000E+00, 2.70000E+01, 1.00000E+01, 1.00000E+01, 1.00000E+01, 1.30000E+01, 1.00000E+01, 7.00000E+00, 1.30000E+01, 1.60000E+01, 4.00000E+00, 9.00000E+00, 4.00000E+00, 1.30000E+01, 4.00000E+00, 1.00000E+01, 1.20000E+01, 1.80000E+01, 1.30000E+01, 2.50000E+01, 5.00000E+00, 1.20000E+01, 6.00000E+00, 5.00000E+00, 2.00000E+00, 3.00000E+00, 6.00000E+00, 4.00000E+00, 4.00000E+00, 6.00000E+00, 1.00000E+00, 5.00000E+00, 9.00000E+00, 7.00000E+00, 1.00000E+00, 5.00000E+00, 1.00000E+00, 4.00000E+00, 3.00000E+00, 3.00000E+00, 2.00000E+00, 3.00000E+00, 9.00000E+00, 5.00000E+00, 9.00000E+00, 1.90000E+01, 4.00000E+00, 1.20000E+01, 1.00000E+00, 2.00000E+00, 8.00000E+00, 6.00000E+00, 4.00000E+00, 2.00000E+00, 4.00000E+00, 8.00000E+00, 4.00000E+00, 6.00000E+00, 7.00000E+00, 4.00000E+00, 1.00000E+01, 4.00000E+00, 7.00000E+00, 8.00000E+00, 1.20000E+01, 1.20000E+01, 8.00000E+00, 6.00000E+00, 2.00000E+00, 7.00000E+00, 7.00000E+00, 7.00000E+00, 4.00000E+00, 1.00000E+01, 8.00000E+00, 3.00000E+00, 5.00000E+00, 6.00000E+00, 9.00000E+00, 3.00000E+00, 1.00000E+01, 9.00000E+00, 8.00000E+00, 9.00000E+00, 6.00000E+00, 3.00000E+00, 1.00000E+00, 0.00000E+00, 1.00000E+00, 1.00000E+00, 3.00000E+00, 1.00000E+00, 0.00000E+00, 1.00000E+00, 0.00000E+00, 2.00000E+00, 5.00000E+00, 0.00000E+00, 0.00000E+00, 1.00000E+00, 0.00000E+00, 0.00000E+00, 1.00000E+00, 2.00000E+00, 4.00000E+00, 2.00000E+00, 2.00000E+00, 3.00000E+00, 0.00000E+00, 0.00000E+00, 1.00000E+00), E=c(2.53000E+00, 3.94000E+00, 3.09000E+00, 2.75000E+00, 3.81000E+00, 3.66000E+00, 4.05000E+00, 3.07000E+00, 3.42000E+00, 4.24000E+00, 3.90000E+00, 3.58000E+00, 3.68000E+00, 3.19000E+00, 5.15000E+00, 3.75000E+00, 3.37000E+00, 4.52000E+00, 1.94000E+00, 3.47000E+00, 3.48000E+00, 3.32000E+00, 4.52000E+00, 9.20000E+00, 1.03700E+01, 8.08000E+00, 6.66000E+00, 7.70000E+00, 9.79000E+00, 9.77000E+00, 1.01700E+01, 9.93000E+00, 9.53000E+00, 1.05900E+01, 7.64000E+00, 7.03000E+00, 4.09000E+00, 7.66000E+00, 8.02000E+00, 6.78000E+00, 9.85000E+00, 7.98000E+00, 8.14000E+00, 4.07000E+00, 7.54000E+00, 7.04000E+00, 7.99000E+00, 8.10000E+00, 5.69000E+00, 6.37000E+00, 8.20000E+00, 6.52000E+00, 4.68000E+00, 9.11000E+00, 1.12800E+01, 6.18000E+00, 4.79000E+00, 4.98000E+00, 6.47000E+00, 5.43000E+00, 6.51000E+00, 4.44000E+00, 6.69000E+00, 5.55000E+00, 6.24000E+00, 5.27000E+00, 5.61000E+00, 5.31000E+00, 6.92000E+00, 5.17000E+00, 5.13000E+00, 3.73000E+00, 6.18000E+00, 9.44000E+00, 7.30000E+00, 7.63000E+00, 1.16600E+01, 6.52000E+00, 6.64000E+00, 1.06400E+01, 7.15000E+00, 8.76000E+00, 7.48000E+00, 6.06000E+00, 6.36000E+00, 7.98000E+00, 8.92000E+00, 9.07000E+00, 6.20000E+00, 7.37000E+00, 6.68000E+00, 8.62000E+00, 8.05000E+00, 5.97000E+00, 8.65000E+00, 7.04000E+00, 8.91000E+00, 5.95000E+00, 7.50000E+00, 9.11000E+00, 1.05900E+01, 7.64000E+00, 8.91000E+00, 8.72000E+00, 1.17000E+01, 1.06900E+01, 7.73000E+00, 8.52000E+00, 7.81000E+00, 9.24000E+00, 8.25000E+00, 1.07200E+01, 1.03300E+01, 8.19000E+00, 1.09000E+01, 7.00000E+00, 9.98000E+00, 1.01000E+01, 2.33000E+00, 3.49000E+00, 7.80000E-01, 3.59000E+00, 2.47000E+00, 4.10000E+00, 1.82000E+00, 7.10000E-01, 1.44000E+00, 1.76000E+00, 3.39000E+00, 2.19000E+00, 1.66000E+00, 1.35000E+00, 2.27000E+00, 2.11000E+00, 1.05000E+00, 2.22000E+00, 3.24000E+00, 2.65000E+00, 3.15000E+00, 1.94000E+00, 3.13000E+00, 1.95000E+00, 2.16000E+00, 1.76000E+00))
