list(alpha0=-1.24766E+00, h=c(-4.50108E-01, -4.88786E-01, 7.83129E-01, 5.45982E-01, -7.76295E-01, 1.10519E+00, 2.62614E-01, 3.57984E-01, -1.36165E+00, 1.34007E+00, 1.25353E-01, 1.18919E+00, 7.07498E-01, -3.86626E-01, -1.31530E+00, 3.35549E-01, 1.11151E+00, 1.86977E+00, -2.97387E-01, -5.87431E-01, 5.13640E-01, -2.49143E+00, 1.46167E+00, 1.09480E+00, 2.03094E+00, -3.42415E-01, 1.95082E+00, 2.33859E-01, 1.38107E+00, -3.11324E-03, -1.04800E-01, 1.31705E+00, -1.21885E+00, 4.67317E-01, 4.20949E-01, -5.13243E-01, 6.61943E-01, -1.40417E+00, -4.76962E-02, 1.64550E+00, 6.11837E-01, 8.48661E-01, -1.52404E+00, -5.56321E-01, 4.37173E-01, 2.67430E-01, 1.34178E-01, -2.03351E+00, 6.38472E-01, -8.25165E-02, 8.67974E-01, 5.12421E-01, 1.55779E+00, 2.57965E-01, -1.21302E+00, -6.90343E-01, 1.22959E+00, 3.43307E-02, -1.07427E+00, 1.45765E+00, -7.94291E-01, -1.26562E+00, -6.75016E-01, -1.48487E+00, 1.02580E+00, -4.79407E-01, 6.93470E-01, 3.89334E-01, 4.89019E-01, -1.91205E+00, 2.19129E-02, 3.79538E-01, -5.71728E-01, 6.66015E-01, 8.25250E-02, 2.17428E+00, -3.14526E-01, 1.97393E+00, 2.71337E+00, 8.57381E-01, -1.08380E+00, 2.43984E-01, 2.79025E+00, 4.82516E-01, 1.66416E+00, -2.06642E+00, 1.18343E-01, -8.18436E-01, -2.05670E-01, 9.11545E-01, 1.33991E+00, 1.31170E+00, 6.07365E-01, -2.47088E-01, -2.18396E-01, 9.36270E-01, -5.96832E-01, 6.96547E-01, -4.06283E-01, 2.40933E+00, -3.56605E-01, 2.10623E+00, 3.94762E-01, -1.26107E+00, 3.72243E-01, -1.43026E+00, 7.82820E-02, 1.53196E+00, -1.33174E+00, 1.59312E+00, -2.65797E-01, 6.13777E-01, -6.72164E-02, -7.22040E-01, 9.67813E-01, -1.05465E+00, 2.97810E-02, -1.04489E+00, 1.38033E+00, 2.66101E+00, -1.11457E+00, 7.71285E-02, 5.50847E-02, 9.28462E-01, -1.24720E+00, 1.18610E+00, -9.09713E-01, 5.39146E-02, 3.33947E-02, -3.17102E-01, -2.29381E+00, 5.33302E-01, 1.31775E+00, 1.23038E-01, 1.98347E+00, -8.58981E-01, 2.73286E-01, -3.73131E-01, -1.89294E+00, -8.10457E-01, -1.67534E+00, 2.22061E+00, 1.81907E+00, 7.65526E-01), tau.h=3.94147E-01, s=c(3.39465E-01, -1.74525E+00, 6.88605E-01, 1.42349E-01, -2.31738E-01, 4.02082E-01, 8.06698E-01, -1.48901E+00, -3.17322E-01, 8.96579E-01, -2.41523E-01, 6.07442E-01, 1.82248E-01, -1.00472E+00, 5.26720E-01, 2.85849E-01, 7.79926E-01, -6.33134E-01, -1.68484E+00, -6.52029E-01, 8.21458E-01, 4.87967E-01, 9.27153E-01, -1.11048E+00, -5.07383E-01, -1.51508E-01, 3.49954E-01, -1.85540E+00, 1.43932E+00, -5.41031E-01, 7.05859E-02, 1.74859E+00, -1.61757E-01, -1.23275E+00, -1.14754E+00, 3.61453E-01, -2.39402E-01, -1.45761E-01, 2.98322E-01, 6.22843E-01, 3.50445E-01, 1.14653E+00, 1.07485E+00, 1.42261E+00, 1.32144E+00, 2.13656E+00, -1.36635E+00, 1.69637E+00, 3.97818E-01, -1.82840E+00, 1.74050E-01, 6.28774E-01, 5.28198E-01, 1.10496E-01, -2.07773E-01, 5.13151E-01, -3.76031E-01, 1.58572E+00, 5.16325E-01, -1.48929E-01, -1.11328E+00, -1.23976E-01, 2.29437E+00, -4.15933E-01, -1.84006E+00, 2.78412E+00, -1.88082E-01, 1.78895E+00, -2.08383E+00, 2.37076E+00, -4.81355E-01, 7.94456E-02, -8.35448E-01, 7.45070E-01, 4.57047E-01, -4.14568E-01, 3.68350E-01, 1.31511E-01, -9.33151E-01, -1.14191E+00, -1.10935E+00, -9.56635E-01, 7.16314E-01, -4.99632E-02, -2.17187E+00, -1.43728E-01, -1.65317E+00, 2.98008E-01, 1.93038E+00, 1.76425E+00, 1.33447E+00, -2.28150E+00, -1.48386E+00, -1.83826E+00, 6.38353E-02, -1.58617E+00, 1.50304E+00, 8.81708E-01, 1.65936E+00, -1.41072E+00, 3.11190E-01, 1.76636E+00, -1.18253E+00, 1.33052E+00, -1.50697E+00, -9.53867E-01, -5.63750E-01, -2.50839E-01, 1.48568E+00, 1.58754E+00, -2.21235E+00, 6.66205E-01, -1.06847E+00, 6.18782E-01, -4.61809E-01, -6.67684E-01, -6.96241E-01, 3.41141E-01, 4.79467E-01, -1.63750E+00, 6.17235E-01, 3.06842E-01, -1.95386E+00, 1.13472E+00, 9.44001E-01, -9.95525E-01, 6.21246E-02, -1.63832E+00, 2.38799E-01, 1.33403E+00, -8.79477E-01, -5.81483E-02, -8.91754E-01, -9.32234E-01, 1.90845E+00, -3.77598E-01, -7.48325E-01, 2.39909E+00, -7.05005E-01, 8.54637E-01, -2.70465E-01, -9.38163E-01, -4.05495E-01, 3.34467E-01), tau.s=8.17868E-01)
