list(alpha0=-5.00000E-01, h=c(-1.09859E+00, 1.06000E+00, -1.57684E+00, -1.28620E+00, -1.20628E+00, 1.16486E+00, -3.37251E-02, -3.37521E-01, 1.71027E-01, -8.46578E-01, 2.47639E-01, 7.95652E-01, 8.99160E-01, -7.10605E-01, -2.01107E+00, -1.50076E+00, -7.57357E-02, 6.00592E-02, 7.02358E-02, 2.15754E-01, 4.75631E-01, -5.95330E-01, 4.08680E-01, 2.84062E-01, 1.91561E+00, -3.89700E-01, -4.21371E-02, -4.42535E-01, -1.52179E+00, 2.01920E-02, 1.22716E+00, -8.03811E-01, -3.53124E-01, -1.11686E-01, -3.71185E-01, 1.95478E+00, -1.79384E-01, 1.22947E+00, -6.49929E-01, -5.72204E-02, -3.05363E-02, 1.33996E+00, -8.28681E-01, -1.87258E+00, -3.22308E-01, -1.64090E+00, 1.26470E+00, -5.99423E-01, 1.39313E+00, 1.00520E+00, -1.12630E+00, -2.28331E+00, -1.02388E-01, 3.02926E-01, 9.04512E-01, 7.97449E-01, 6.47838E-01, -1.50259E-01, 5.04815E-01, -5.12296E-01, 3.57799E-02, -7.93763E-01, -1.01525E+00, -1.31131E+00, -9.48114E-01, -7.85166E-02, 5.91323E-01, -6.50419E-01, -1.16909E+00, 1.44968E-01, -4.33620E-01, 1.07976E+00, -3.20012E-01, 6.49980E-01, 1.20529E-01, 2.70472E-01, 6.73098E-02, -2.29632E-01, -1.71252E-01, 3.80678E-02, 8.23700E-01, 3.40945E-01, -7.71105E-01, 5.49192E-01, 4.53909E-01, -5.97294E-01, 2.29138E+00, 1.14602E+00, -3.88634E-01, -7.89137E-01, 1.22650E+00, 6.66491E-01, -1.41378E+00, 1.51040E-01, 2.82101E-01, 3.14949E-01, -3.73367E-01, -3.50844E-01, -1.93375E-01, -1.89170E-01, -1.51750E+00, -4.58014E-01, 4.63622E-02, -4.01427E-01, 1.22218E-01, 1.69742E+00, 1.30114E+00, -5.47602E-01, -1.51059E-01, 4.77958E-01, 3.90853E-01, 2.82041E-01, 3.21754E-01, -2.53952E+00, -4.14089E-01, -4.23613E-01, -8.81645E-01, -2.14498E-01, 6.07658E-01, -1.34879E+00, 5.34659E-01, 1.58845E+00, 3.56880E-01, -3.39039E-01, -1.83241E+00, 1.14168E+00, -2.04845E+00, -1.34210E+00, -2.76616E-01, 1.17212E+00, -2.60084E-01, -1.65360E+00, 4.75817E-01, -4.46916E-01, 3.56925E-01, 1.03800E+00, 1.21166E+00, 1.67227E-01, 2.27146E-01, 4.48591E-01, 6.68128E-01, -1.62779E+00, -2.02432E+00, -6.78138E-02), tau.h=7.09651E-01, s=c(-2.07849E-01, 1.05788E+00, 3.80616E-02, 5.60723E-01, -3.23428E-01, 1.49397E+00, 1.04903E+00, 7.99305E-01, 5.26603E-02, 1.02373E-01, -3.70478E-01, -1.41867E+00, 1.28389E+00, 5.25439E-01, -4.14805E-01, -9.83615E-01, -1.61787E-02, 9.55965E-01, 1.01312E-01, -1.61771E+00, -1.29108E+00, -1.68107E+00, -1.06938E+00, -5.56471E-01, -4.34534E-01, 1.20011E+00, 2.92463E-01, 9.49131E-01, 6.10481E-01, 6.35839E-01, 1.62441E+00, 9.50235E-02, -3.87552E-01, -6.14647E-01, -5.03959E-01, 5.18105E-01, -3.11230E-01, 4.81466E-01, 1.52952E-01, 1.68818E+00, 1.36558E+00, -1.34050E-01, 1.17687E-01, 2.48303E+00, 7.34263E-01, 1.77050E+00, 1.69692E+00, 7.14047E-01, 7.65072E-01, -9.34941E-01, -9.23343E-01, -5.81104E-01, -1.74983E-02, 1.06477E+00, -7.21374E-01, 1.43873E+00, 4.49562E-03, 4.61100E-01, -7.21313E-01, 5.83542E-01, 5.42842E-01, -1.15445E+00, 1.35823E+00, 5.65502E-01, -5.96506E-01, -5.25319E-01, -1.48153E-01, -1.47773E+00, 7.78563E-01, 7.06779E-01, -2.44324E-01, 9.23186E-01, -9.68611E-01, 1.27260E-01, 4.34686E-01, -2.84019E-01, 3.81232E-01, -5.96995E-01, -3.27884E-01, 1.93361E+00, 1.67639E-01, 1.44853E+00, -3.02874E-01, 7.91728E-01, 7.61821E-01, 2.11716E+00, -8.50103E-01, -8.80268E-02, 1.12754E+00, 2.02686E-01, 4.24222E-01, 1.07140E+00, 7.38506E-01, 6.95204E-02, -1.10624E+00, -1.35858E+00, 3.66403E-01, -7.86739E-01, -9.48228E-01, 9.72183E-01, -1.90403E+00, -2.61166E+00, -9.26978E-01, 4.43825E-01, -1.52832E-02, 1.02544E-01, 1.72866E-01, -8.81228E-01, -1.55812E-01, -1.06049E+00, 1.81444E+00, 4.62170E-01, -7.80001E-01, -1.25006E+00, -7.49816E-02, 7.69624E-01, -1.42809E-01, 5.11508E-01, 1.36833E+00, 8.78248E-01, -7.40601E-01, 1.39715E-01, -1.68085E+00, -5.65889E-01, -1.40221E+00, -8.70198E-01, 5.52112E-01, -1.47171E+00, -8.93261E-01, 1.15480E+00, -1.27221E-01, 1.51299E+00, 1.09333E+00, -1.62884E+00, -2.10634E+00, 7.41909E-01, 6.77292E-01, -1.41480E+00, 3.92983E-01, 4.63733E-01, -2.51463E+00, -4.62896E-01, -8.92592E-02, 8.02484E-01), tau.s=8.24891E-02)
