list(alpha0=7.01914E-01)
