list(alpha0=-5.00000E-01)
