list(alpha0=-9.80951E-01)
